/////////////////////////////////////////////////////////
// This file was generated by MakeGmtOnModule.C macros //
/////////////////////////////////////////////////////////

TDataSet *CreateTable() {
  if (!gROOT->GetClass("St_Survey")) return 0;
  Survey_st row[8] = {
    {0,0.9999, 0.0020,-0.0118,-0.0019, 1.0000, 0.0003, 0.0118,-0.0003, 0.9999,-0.0049,-5.0222,-0.2148, 0.0008, 0.0028, 0.0022, 0.0147, 0.0039, 0.0051,""},
    {1,0.9999, 0.0045, 0.0098,-0.0045, 1.0000, 0.0008,-0.0099,-0.0010, 1.0000,-0.1444,-5.0036,-0.1681, 0.0004, 0.0029, 0.0023, 0.0042, 0.0014, 0.0016,""},
    {2,0.9998,-0.0211, 0.0077,-0.0211,-0.9998, 0.0007, 0.0078,-0.0007,-1.0000, 0.0160, 4.8452,-0.0444, 0.0007, 0.0019, 0.0021, 0.0102, 0.0038, 0.0045,""},
    {3,1.0000, 0.0075, 0.0052, 0.0074,-1.0000,-0.0021, 0.0051, 0.0021,-1.0000,-0.0710, 4.8009,-0.0830, 0.0004, 0.0023, 0.0020, 0.0038, 0.0012, 0.0014,""},
    {4,0.9995,-0.0112, 0.0306, 0.0112, 1.0000,-0.0008,-0.0307, 0.0013, 0.9996,-0.2826,-5.2797,-0.4389, 0.0028, 0.0072, 0.0030, 0.0379, 0.0071, 0.0071,""},
    {5,0.9998, 0.0099, 0.0123,-0.0100, 0.9999,-0.0008,-0.0123, 0.0007, 0.9999,-0.2631,-5.3003,-0.5523, 0.0006, 0.0039, 0.0032, 0.0059, 0.0022, 0.0019,""},
    {6,1.0000, 0.0000, 0.0000, 0.0000,-1.0000, 0.0000, 0.0000, 0.0000,-1.0000, 0.0000, 5.0000, 0.0000,-0.0100,-0.0100,-0.0100,-0.0010,-0.0010,-0.0010,""},
    {7,0.9998,-0.0108,-0.0143,-0.0108,-0.9998,-0.0007,-0.0142, 0.0008,-1.0000,-0.0848, 4.7245,-0.7362, 0.0005, 0.0039, 0.0034, 0.0055, 0.0020, 0.0022,""}
  };
#if 0
GMT.MdYZ.data  [l409] /hlt/cephfs/reco/dEdxCalib/2019/RF/19GeV_2019/gmt_2016 
/*  MdYZ_yz_0 *///{{/* Y */  -0.050,   0.028 sY   0.349,   0.047,{/* Z */  -0.281,   0.030 sZ   0.356,   0.035},
/*  MdYZ_yz_0 */{/* Y */   0.042,   0.087, /* sY */   0.500,   0.037,/* Z */  -0.184,   0.108, /* sZ */   0.500,   0.020, /* rho */   0.011,   0.220},// ==========  Unreliable
/*  MdYZ_yz_1 */},
/*  MdYZ_yz_1 */{/* Y */   0.000,   0.000, /* sY */   0.000,   0.000,/* Z */   0.000,   0.000, /* sZ */   0.000,   0.000, /* rho */   0.000,   0.000},
/*  MdYZ_yz_2 *///{{/* Y */   0.062,   0.019 sY   0.284,   0.024,{/* Z */  -0.078,   0.023 sZ   0.355,   0.029},
/*  MdYZ_yz_2 */{/* Y */  -0.020,   0.082, /* sY */   0.500,   0.030,/* Z */  -0.089,   0.082, /* sZ */   0.500,   0.034, /* rho */  -0.010,   0.236},// ==========  Unreliable
/*  MdYZ_yz_3 *///{{/* Y */   0.093,   0.010 sY   0.184,   0.017,{/* Z */   0.113,   0.012 sZ   0.217,   0.018},
/*  MdYZ_yz_3 */{/* Y */   0.119,   0.064, /* sY */   0.500,   0.467,/* Z */   0.062,   0.066, /* sZ */   0.500,   0.340, /* rho */  -0.380,   0.120},// ==========  Unreliable
/*  MdYZ_yz_4 *///{{/* Y */  -0.150,   0.019 sY   0.272,   0.026,{/* Z */  -1.192,   0.027 sZ   0.408,   0.031},
/*  MdYZ_yz_4 */{/* Y */  -0.156,   0.082, /* sY */   0.500,   0.050,/* Z */  -1.186,   0.086, /* sZ */   0.500,   0.034, /* rho */  -0.099,   0.219},// ==========  Unreliable
/*  MdYZ_yz_5 *///{{/* Y */  -0.139,   0.018 sY   0.329,   0.023,{/* Z */  -1.135,   0.014 sZ   0.241,   0.023},
/*  MdYZ_yz_5 */{/* Y */  -0.114,   0.028, /* sY */   0.285,   0.038,/* Z */  -1.147,   0.021, /* sZ */   0.219,   0.030, /* rho */   0.025,   0.158},
/*  MdYZ_yz_6 *///{{/* Y */  -0.003,   1.372 sY   0.144,   0.270,{/* Z */  -1.032,   0.209 sZ   0.225,   0.310},
/*  MdYZ_yz_6 */{/* Y */  -1.033,   0.050, /* sY */   0.225,   0.012,/* Z */  -0.004,   0.022, /* sZ */   0.144,   0.003, /* rho */   0.000,   0.034},
/*  MdYZ_yz_7 *///{{/* Y */   0.051,   0.013 sY   0.227,   0.022,{/* Z */   0.178,   0.012 sZ   0.232,   0.016},
/*  MdYZ_yz_7 */{/* Y */   0.032,   0.012, /* sY */   0.141,   0.015,/* Z */   0.173,   0.015, /* sZ */   0.167,   0.016, /* rho */  -0.180,   0.142},
#endif
  Double_t Corr[8][8]  = { 
/*  MdYZ_yz_0 */{/* Y */  -0.050,   0.028,/* sY */   0.349,   0.047,/* Z */  -0.281,   0.030,/* sZ */  0.356,   0.035},
/*  MdYZ_yz_1 */{/* Y */   0.000,   0.000,/* sY */   0.000,   0.000,/* Z */   0.000,   0.000,/* sZ */  0.000,   0.000},
/*  MdYZ_yz_2 */{/* Y */   0.062,   0.019,/* sY */   0.284,   0.024,/* Z */  -0.078,   0.023,/* sZ */  0.355,   0.029},
/*  MdYZ_yz_3 */{/* Y */   0.093,   0.010,/* sY */   0.184,   0.017,/* Z */   0.113,   0.012,/* sZ */  0.217,   0.018},
/*  MdYZ_yz_4 */{/* Y */  -0.150,   0.019,/* sY */   0.272,   0.026,/* Z */  -1.192,   0.027,/* sZ */  0.408,   0.031},
/*  MdYZ_yz_5 */{/* Y */  -0.139,   0.018,/* sY */   0.329,   0.023,/* Z */  -1.135,   0.014,/* sZ */  0.241,   0.023},
/*  MdYZ_yz_6 */{/* Y */  -0.003,   1.372,/* sY */   0.144,   0.270,/* Z */  -1.032,   0.209,/* sZ */  0.225,   0.310},
/*  MdYZ_yz_7 */{/* Y */   0.051,   0.013,/* sY */   0.227,   0.022,/* Z */   0.178,   0.012,/* sZ */  0.232,   0.016}
  };
  Int_t noModules = 8;
  St_Survey *tableSet = new St_Survey("GmtOnModule",noModules);
  for (Int_t i = 0; i < noModules; i++) {
    row[i].t1 -= Corr[i][0]*row[i].r11;
    row[i].t2 -= Corr[i][4]*row[i].r22;
    tableSet->AddAt(&row[i].Id, i);
  }
  return (TDataSet *)tableSet;
}
