/////////////////////////////////////////////////////////
// This file was generated by MakeGmtOnModule.C macros //
/////////////////////////////////////////////////////////

TDataSet *CreateTable() {
  if (!gROOT->GetClass("St_Survey")) return 0;
  Survey_st row[8] = {
    {0,0.9999, 0.0020,-0.0118,-0.0019, 1.0000, 0.0003, 0.0118,-0.0003, 0.9999,-0.0049,-5.0222,-0.2148, 0.0008, 0.0028, 0.0022, 0.0147, 0.0039, 0.0051,""},
    {1,0.9999, 0.0045, 0.0098,-0.0045, 1.0000, 0.0008,-0.0099,-0.0010, 1.0000,-0.1444,-5.0036,-0.1681, 0.0004, 0.0029, 0.0023, 0.0042, 0.0014, 0.0016,""},
    {2,0.9998,-0.0211, 0.0077,-0.0211,-0.9998, 0.0007, 0.0078,-0.0007,-1.0000, 0.0160, 4.8452,-0.0444, 0.0007, 0.0019, 0.0021, 0.0102, 0.0038, 0.0045,""},
    {3,1.0000, 0.0075, 0.0052, 0.0074,-1.0000,-0.0021, 0.0051, 0.0021,-1.0000,-0.0710, 4.8009,-0.0830, 0.0004, 0.0023, 0.0020, 0.0038, 0.0012, 0.0014,""},
    {4,0.9995,-0.0112, 0.0306, 0.0112, 1.0000,-0.0008,-0.0307, 0.0013, 0.9996,-0.2826,-5.2797,-0.4389, 0.0028, 0.0072, 0.0030, 0.0379, 0.0071, 0.0071,""},
    {5,0.9998, 0.0099, 0.0123,-0.0100, 0.9999,-0.0008,-0.0123, 0.0007, 0.9999,-0.2631,-5.3003,-0.5523, 0.0006, 0.0039, 0.0032, 0.0059, 0.0022, 0.0019,""},
    {6,1.0000, 0.0000, 0.0000, 0.0000,-1.0000, 0.0000, 0.0000, 0.0000,-1.0000, 0.0000, 5.0000, 0.0000,-0.0100,-0.0100,-0.0100,-0.0010,-0.0010,-0.0010,""},
    {7,0.9998,-0.0108,-0.0143,-0.0108,-0.9998,-0.0007,-0.0142, 0.0008,-1.0000,-0.0848, 4.7245,-0.7362, 0.0005, 0.0039, 0.0034, 0.0055, 0.0020, 0.0022,""}
  };
  Double_t Corr[8][8]  = { 
/*  MdYZ_yz_0 */{/* Y */  -0.050,   0.028,/* sY */   0.349,   0.047,/* Z */  -0.281,   0.030,/* sZ */  0.356,   0.035},
/*  MdYZ_yz_1 */{/* Y */   0.000,   0.000,/* sY */   0.000,   0.000,/* Z */   0.000,   0.000,/* sZ */  0.000,   0.000},
/*  MdYZ_yz_2 */{/* Y */   0.062,   0.019,/* sY */   0.284,   0.024,/* Z */  -0.078,   0.023,/* sZ */  0.355,   0.029},
/*  MdYZ_yz_3 */{/* Y */   0.093,   0.010,/* sY */   0.184,   0.017,/* Z */   0.113,   0.012,/* sZ */  0.217,   0.018},
/*  MdYZ_yz_4 */{/* Y */  -0.150,   0.019,/* sY */   0.272,   0.026,/* Z */  -1.192,   0.027,/* sZ */  0.408,   0.031},
/*  MdYZ_yz_5 */{/* Y */  -0.139,   0.018,/* sY */   0.329,   0.023,/* Z */  -1.135,   0.014,/* sZ */  0.241,   0.023},
/*  MdYZ_yz_6 */{/* Y */  -0.003,   1.372,/* sY */   0.144,   0.270,/* Z */  -1.032,   0.209,/* sZ */  0.225,   0.310},
/*  MdYZ_yz_7 */{/* Y */   0.051,   0.013,/* sY */   0.227,   0.022,/* Z */   0.178,   0.012,/* sZ */  0.232,   0.016}
  };
  Double_t  CorrC[8][10] = {// /hlt/cephfs/reco/GMT/CosmicG/MdYZ.root/GMT.data
/*  MdYZ_yz_0 */   {/*  Y */   0.031,  0.010, /* sY */   0.201,  0.015   ,/*  Z */   0.093,  0.016, /* sZ */   0.336,  0.018, 0, 0},
/*  MdYZ_yz_1 */   {/*  Y */   0.075,  0.020, /* sY */   0.213,  0.036   ,/*  Z */  -0.185,  0.055, /* sZ */   0.500,  0.292, 0, 0},
/*  MdYZ_yz_2 */   {/*  Y */  -0.030,  0.010, /* sY */   0.226,  0.020   ,/*  Z */   0.132,  0.013, /* sZ */   0.305,  0.013, 0, 0},
/*  MdYZ_yz_3 */   {/*  Y */  -0.008,  0.007, /* sY */   0.232,  0.011   ,/*  Z */   0.089,  0.011, /* sZ */   0.367,  0.013, 0, 0},
/*  MdYZ_yz_4 */   {/*  Y */  -0.014,  0.017, /* sY */   0.248,  0.024   ,/*  Z */   0.014,  0.024, /* sZ */   0.371,  0.027, 0, 0},
/*  MdYZ_yz_5 */   {/*  Y */  -0.040,  0.011, /* sY */   0.303,  0.015   ,/*  Z */   0.005,  0.012, /* sZ */   0.383,  0.016, 0, 0},
/*  MdYZ_yz_6 */   {/*  Y */  -0.104,  0.045, /* sY */   0.342,  0.088   ,/*  Z */  -0.004,  0.049, /* sZ */   0.165,  0.051, 0, 0},
/*  MdYZ_yz_7 */   {/*  Y */   0.009,  0.012, /* sY */   0.330,  0.023   ,/*  Z */  -0.041,  0.013, /* sZ */   0.399,  0.018, 0, 0}
  };
  Double_t  Corr2C[8][10] = {// /hlt/cephfs/reco/GMT/CosmicI/MdYZ.root/GMT.data
/*  MdYZ_yz_0 */   {/*  Y */  -0.002,  0.009, /* sY */   0.174,  0.014   ,/*  Z */   0.003,  0.016, /* sZ */   0.336,  0.018, 0, 0},
/*  MdYZ_yz_1 */   {/*  Y */  -0.008,  0.022, /* sY */   0.226,  0.044   ,/*  Z */  -0.031,  0.050, /* sZ */   0.500,  0.320, 0, 0},
/*  MdYZ_yz_2 */   {/*  Y */   0.002,  0.009, /* sY */   0.204,  0.017   ,/*  Z */   0.003,  0.013, /* sZ */   0.317,  0.014, 0, 0},
/*  MdYZ_yz_3 */   {/*  Y */  -0.002,  0.007, /* sY */   0.227,  0.010   ,/*  Z */   0.002,  0.011, /* sZ */   0.369,  0.013, 0, 0},
/*  MdYZ_yz_4 */   {/*  Y */   0.009,  0.017, /* sY */   0.269,  0.027   ,/*  Z */   0.006,  0.022, /* sZ */   0.360,  0.024, 0, 0},
/*  MdYZ_yz_5 */   {/*  Y */  -0.009,  0.011, /* sY */   0.306,  0.015   ,/*  Z */   0.000,  0.013, /* sZ */   0.388,  0.017, 0, 0},
/*  MdYZ_yz_6 */   {/*  Y */  -0.003,  0.047, /* sY */   0.292,  0.085   ,/*  Z */   0.008,  0.042, /* sZ */   0.145,  0.045, 0, 0},
/*  MdYZ_yz_7 */   {/*  Y */   0.000,  0.012, /* sY */   0.322,  0.024   ,/*  Z */  -0.003,  0.013, /* sZ */   0.391,  0.017, 0, 0},
  };
  Int_t noModules = 8;
  St_Survey *tableSet = new St_Survey("GmtOnModule",noModules);
  for (Int_t i = 0; i < noModules; i++) {
    row[i].t1 -= (Corr[i][0] + CorrC[i][0] + Corr2C[i][0])*row[i].r11;
    row[i].t2 -= (Corr[i][4] + CorrC[i][4] + Corr2C[i][4])*row[i].r22;
    tableSet->AddAt(&row[i].Id, i);
  }
  return (TDataSet *)tableSet;
}
